Accuracy: 0.9686375321336761
Specificity: 0.9772256728778468
Sensitivity: 0.9601634320735445